24
-2
143
0.846154
24
2
143
1.18182
14
8
33
3.66667
14
-8
33
0.272727
51
-29
440
0.275
51
29
440
3.63636
12.6
9.4
17.6
6.875
12.6
-9.4
17.6
0.145455
24
-14
95
0.263158
24
14
95
3.8
2
8
-15
-1.66667
2
-8
-15
-0.6
93
-83
440
0.0568182
93
83
440
17.6
5.72727
4.27273
3.63636
6.875
5.72727
-4.27273
3.63636
0.145455
24
-2
143
0.846154
24
2
143
1.18182
8
14
-33
-3.66667
8
-14
-33
-0.272727
51
-29
440
0.275
51
29
440
3.63636
11.625
10.375
6.875
17.6
11.625
-10.375
6.875
0.0568182
24
-8
128
0.5
24
8
128
2
2
14
-48
-1.33333
2
-14
-48
-0.75
63
-47
440
0.145455
63
47
440
6.875
8.45455
7.54545
3.63636
17.6
8.45455
-7.54545
3.63636
0.0568182
24
-14
95
0.263158
24
14
95
3.8
8
2
15
1.66667
8
-2
15
0.6
93
-83
440
0.0568182
93
83
440
17.6
6.375
3.625
6.875
3.63636
6.375
-3.625
6.875
0.275
24
-8
128
0.5
24
8
128
2
14
2
48
1.33333
14
-2
48
0.75
63
-47
440
0.145455
63
47
440
6.875
10.2
5.8
17.6
3.63636
10.2
-5.8
17.6
0.275
20
-6
91
0.538462
20
6
91
1.85714
10
4
21
2.33333
10
-4
21
0.428571
47
-33
280
0.175
47
33
280
5.71429
8.6
5.4
11.2
4.375
8.6
-5.4
11.2
0.228571
20
-10
75
0.333333
20
10
75
3
6
4
5
5
6
-4
5
0.2
61
-51
280
0.0892857
61
51
280
11.2
6.14286
3.85714
5.71429
4.375
6.14286
-3.85714
5.71429
0.228571
20
-6
91
0.538462
20
6
91
1.85714
4
10
-21
-2.33333
4
-10
-21
-0.428571
47
-33
280
0.175
47
33
280
5.71429
7.625
6.375
4.375
11.2
7.625
-6.375
4.375
0.0892857
20
-4
96
0.666667
20
4
96
1.5
6
10
-16
-4
6
-10
-16
-0.25
43
-27
280
0.228571
43
27
280
4.375
8.71429
7.28571
5.71429
11.2
8.71429
-7.28571
5.71429
0.0892857
20
-10
75
0.333333
20
10
75
3
4
6
-5
-5
4
-6
-5
-0.2
61
-51
280
0.0892857
61
51
280
11.2
5.875
4.125
4.375
5.71429
5.875
-4.125
4.375
0.175
20
-4
96
0.666667
20
4
96
1.5
10
6
16
4
10
-6
16
0.25
43
-27
280
0.228571
43
27
280
4.375
9.4
6.6
11.2
5.71429
9.4
-6.6
11.2
0.175
31
5
234
1.38462
31
-5
234
0.722222
21
15
54
6
21
-15
54
0.166667
58
-22
720
0.45
58
22
720
2.22222
19.6
16.4
28.8
11.25
19.6
-16.4
28.8
0.0888889
31
-21
130
0.192308
31
21
130
5.2
-5
15
-50
-0.5
-5
-15
-50
-2
149
-139
720
0.0347222
149
139
720
28.8
5.44444
4.55556
2.22222
11.25
5.44444
-4.55556
2.22222
0.0888889
31
5
234
1.38462
31
-5
234
0.722222
15
21
-54
-6
15
-21
-54
-0.166667
58
-22
720
0.45
58
22
720
2.22222
18.625
17.375
11.25
28.8
18.625
-17.375
11.25
0.0347222
31
-15
184
0.347826
31
15
184
2.875
-5
21
-104
-0.615385
-5
-21
-104
-1.625
98
-82
720
0.0888889
98
82
720
11.25
8.27778
7.72222
2.22222
28.8
8.27778
-7.72222
2.22222
0.0347222
31
-21
130
0.192308
31
21
130
5.2
15
-5
50
0.5
15
5
50
2
149
-139
720
0.0347222
149
139
720
28.8
7.25
2.75
11.25
2.22222
7.25
-2.75
11.25
0.45
31
-15
184
0.347826
31
15
184
2.875
21
-5
104
0.615385
21
5
104
1.625
98
-82
720
0.0888889
98
82
720
11.25
11.6
4.4
28.8
2.22222
11.6
-4.4
28.8
0.45
17.5
-8.5
58.5
0.346154
17.5
8.5
58.5
2.88889
7.5
1.5
13.5
1.5
7.5
-1.5
13.5
0.666667
44.5
-35.5
180
0.1125
44.5
35.5
180
8.88889
6.1
2.9
7.2
2.8125
6.1
-2.9
7.2
0.355556
17.5
-7.5
62.5
0.4
17.5
7.5
62.5
2.5
8.5
1.5
17.5
1.42857
8.5
-1.5
17.5
0.7
41
-31
180
0.138889
41
31
180
7.2
6.77778
3.22222
8.88889
2.8125
6.77778
-3.22222
8.88889
0.355556
17.5
-8.5
58.5
0.346154
17.5
8.5
58.5
2.88889
1.5
7.5
-13.5
-1.5
1.5
-7.5
-13.5
-0.666667
44.5
-35.5
180
0.1125
44.5
35.5
180
8.88889
5.125
3.875
2.8125
7.2
5.125
-3.875
2.8125
0.138889
17.5
-1.5
76
0.842105
17.5
1.5
76
1.1875
8.5
7.5
4
16
8.5
-7.5
4
0.0625
30.5
-14.5
180
0.355556
30.5
14.5
180
2.8125
9.11111
6.88889
8.88889
7.2
9.11111
-6.88889
8.88889
0.138889
17.5
-7.5
62.5
0.4
17.5
7.5
62.5
2.5
1.5
8.5
-17.5
-1.42857
1.5
-8.5
-17.5
-0.7
41
-31
180
0.138889
41
31
180
7.2
5.5625
4.4375
2.8125
8.88889
5.5625
-4.4375
2.8125
0.1125
17.5
-1.5
76
0.842105
17.5
1.5
76
1.1875
7.5
8.5
-4
-16
7.5
-8.5
-4
-0.0625
30.5
-14.5
180
0.355556
30.5
14.5
180
2.8125
8.9
7.1
7.2
8.88889
8.9
-7.1
7.2
0.1125
24
10
119
2.42857
24
-10
119
0.411765
14
20
-51
-5.66667
14
-20
-51
-0.176471
27
7
170
1.7
27
-7
170
0.588235
17.4
16.6
6.8
42.5
17.4
-16.6
6.8
0.0235294
24
-14
95
0.263158
24
14
95
3.8
-10
20
-75
-0.333333
-10
-20
-75
-3
39
-29
170
0.147059
39
29
170
6.8
5.11765
4.88235
0.588235
42.5
5.11765
-4.88235
0.588235
0.0235294
24
10
119
2.42857
24
-10
119
0.411765
20
14
51
5.66667
20
-14
51
0.176471
27
7
170
1.7
27
-7
170
0.588235
19.5
14.5
42.5
6.8
19.5
-14.5
42.5
0.147059
24
-20
44
0.0909091
24
20
44
11
-10
14
-24
-0.166667
-10
-14
-24
-6
87
-83
170
0.0235294
87
83
170
42.5
2.29412
1.70588
0.588235
6.8
2.29412
-1.70588
0.588235
0.147059
24
-14
95
0.263158
24
14
95
3.8
20
-10
75
0.333333
20
10
75
3
39
-29
170
0.147059
39
29
170
6.8
13.5
-3.5
42.5
0.588235
13.5
3.5
42.5
1.7
24
-20
44
0.0909091
24
20
44
11
14
-10
24
0.166667
14
10
24
6
87
-83
170
0.0235294
87
83
170
42.5
5.4
-1.4
6.8
0.588235
5.4
1.4
6.8
1.7
8
-6
7
0.142857
8
6
7
7
-2
4
-3
-0.333333
-2
-4
-3
-3
11
-9
10
0.1
11
9
10
10
1.4
0.6
0.4
2.5
1.4
-0.6
0.4
0.4
8
2
15
1.66667
8
-2
15
0.6
